0000000000000000 .0
0000000000000000 .00
0000000000000000 0
0000000000000000 0.0
0000000000000000 0E0
0000000000000000 0E00
0000000000000000 0E01
0000000000000000 0E02
0000000000000000 0E03
0000000000000000 0E04
0000000000000000 0E05
0000000000000000 0E06
0000000000000000 0E07
0000000000000000 0E08
0000000000000000 0E09
0000000000000000 0E1
0000000000000000 0E10
0000000000000000 0E11
0000000000000000 0E12
0000000000000000 0E13
0000000000000000 0E14
0000000000000000 0E15
0000000000000000 0E16
0000000000000000 0E17
0000000000000000 0E18
0000000000000000 0E19
0000000000000000 0E2
0000000000000000 0E20
0000000000000000 0E21
0000000000000000 0E22
0000000000000000 0E23
0000000000000000 0E24
0000000000000000 0E25
0000000000000000 0E26
0000000000000000 0E27
0000000000000000 0E28
0000000000000000 0E29
0000000000000000 0E3
0000000000000000 0E30
0000000000000000 0E31
0000000000000000 0E32
0000000000000000 0E33
0000000000000000 0E34
0000000000000000 0E35
0000000000000000 0E36
0000000000000000 0E37
0000000000000000 0E38
0000000000000000 0E39
0000000000000000 0E4
0000000000000000 0E40
0000000000000000 0E41
0000000000000000 0E42
0000000000000000 0E43
0000000000000000 0E44
0000000000000000 0E45
0000000000000000 0E46
0000000000000000 0E47
0000000000000000 0E48
0000000000000000 0E49
0000000000000000 0E5
0000000000000000 0E50
0000000000000000 0E51
0000000000000000 0E52
0000000000000000 0E53
0000000000000000 0E54
0000000000000000 0E55
0000000000000000 0E56
0000000000000000 0E57
0000000000000000 0E58
0000000000000000 0E59
0000000000000000 0E6
0000000000000000 0E7
0000000000000000 0E8
0000000000000000 0E80
0000000000000000 0E9
0000000000000000 0e0
3F1A36E2EB1C432D .0001
3F847AE147AE147B .01
3F847AE147AE147B 0.01
3F9374BC6A7EF9DB .019
3F947AE147AE147B 0.02
3F96872B020C49BA .022
3F978D4FDF3B645A 0.023
3F989374BC6A7EFA 0.024
3F9BA5E353F7CED9 0.027
3F9CAC083126E979 0.028
3FA449BA5E353F7D .039625
3FA449BA5E353F7D 0.039625
3FAEB851EB851EB8 0.06
3FB0000000000000 0.0625
3FB27BB2FEC56D5D 0.0722
3FB3B645A1CAC083 0.077
3FB999999999999A .1
3FB999999999999A .10
3FB999999999999A .100
3FB999999999999A 0.1
3FBC28F5C28F5C29 .11
3FBEB851EB851EB8 .12
3FC04189374BC6A8 .127
3FC1EB851EB851EC .14
3FC3333333333333 .15
3FC5C28F5C28F5C3 .17
3FC6872B020C49BA 0.176
3FC70A3D70A3D70A .18
3FC851EB851EB852 .19
3FC999999999999A .2
3FC999999999999A .20
3FC999999999999A 0.2
3FC999999999999A 0.20
3FCAE147AE147AE1 .21
3FCB367A0F9096BC 0.2126
3FCC28F5C28F5C29 .22
3FCE58F7121AB4B7 .23709
3FCEB851EB851EB8 0.24
3FD0000000000000 0.25
3FD051EB851EB852 .255
3FD0624DD2F1A9FC .256
3FD0A3D70A3D70A4 .26
3FD199999999999A 0.275
3FD1EB851EB851EC 0.28
3FD23D70A3D70A3D .285
3FD28F5C28F5C28F .29
3FD3333333333333 .3
3FD3333333333333 0.3
3FD34395810624DD 0.301
3FD353F7CED91687 0.302
3FD36777079E59F3 .30319
3FD683126E978D50 .35175
3FD999999999999A .4
3FD999999999999A 0.4
3FDD70A3D70A3D71 0.460
3FDDA1CAC083126F 0.463
3FDF5C28F5C28F5C 0.49
3FE0000000000000 .5
3FE0000000000000 0.5
3FE3333333333333 .6
3FE3333333333333 0.6
3FE6666666666666 .7
3FE6666666666666 0.7
3FE6E2EB1C432CA5 0.7152
3FE8000000000000 0.75
3FE999999999999A .8
3FEB7B2B62CEF873 0.858785336480436
3FECCCCCCCCCCCCD .9
3FECCCCCCCCCCCCD 0.9
3FED1EB851EB851F .91
3FED70A3D70A3D71 .92
3FEDC28F5C28F5C3 .93
3FEF5C28F5C28F5C 0.98
3FF0000000000000 1
3FF0000000000000 1.0
3FF0000000000000 1.000
3FF0000000000000 1E0
3FF0000000000000 1E00
3FF004189374BC6A 1.001
3FF0083126E978D5 1.002
3FF00C49BA5E353F 1.003
3FF051EB851EB852 1.02
3FF199999999999A 1.1
3FF199999999999A 1.10
3FF2666666666666 1.15
3FF28F5C28F5C28F 1.16
3FF30A3D70A3D70A 1.19
3FF32E48E8A71DE7 1.1988
3FF3333333333333 1.2
3FF3333333333333 1.20
3FF3339C0EBEDFA4 1.2001
3FF3851EB851EB85 1.22
3FF4CCCCCCCCCCCD 1.3
3FF6666666666666 1.4
3FF8000000000000 1.5
3FF999999999999A 1.6
3FFA3D70A3D70A3D 1.64
3FFA8F5C28F5C28F 1.66
3FFAAC083126E979 1.667
3FFB333333333333 1.7
3FFCCCCCCCCCCCCD 1.8
3FFE666666666666 1.9
3FFEE147AE147AE1 1.93
4000000000000000 2
4000000000000000 2.0
4000000000000000 2E-0
4000000000000000 2E0
4000000000000000 2E00
4000020C49BA5E35 2.001
4000147AE147AE14 2.01
40003D70A3D70A3D 2.030
400051EB851EB852 2.04
4000CCCCCCCCCCCD 2.1
4000CCCCCCCCCCCD 2.10
4000E147AE147AE1 2.11
40010A3D70A3D70A 2.13
40011EB851EB851F 2.14
400147AE147AE148 2.16
4001851EB851EB85 2.19
400199999999999A 2.2
400199999999999A 2.20
4001AE147AE147AE 2.21
400228F5C28F5C29 2.27
4002666666666666 2.3
4002666666666666 2.30
4002A9FBE76C8B44 2.333
4003333333333333 2.4
4004000000000000 2.5
4004000000000000 2.50
40043D70A3D70A3D 2.53
400451EB851EB852 2.54
4004B851EB851EB8 2.59
4004CCCCCCCCCCCD 2.6
4004CCCCCCCCCCCD 2.60
4004F5C28F5C28F6 2.62
4005851EB851EB85 2.69
400599999999999A 2.7
40060624DD2F1AA0 2.753
4006147AE147AE14 2.76
40064FDF3B645A1D 2.789
4006666666666666 2.8
4007333333333333 2.9
400799999999999A 2.95
4008000000000000 3
4008000000000000 3.0
4008000000000000 3E-0
4008000000000000 3E0
4008020C49BA5E35 3.001
4008147AE147AE14 3.01
4008CCCCCCCCCCCD 3.1
400921FB54442D18 3.14159265358979323846
400999999999999A 3.2
400999999999999A 3.20
400A666666666666 3.3
400B333333333333 3.4
400C000000000000 3.5
400C147AE147AE14 3.51
400E3D70A3D70A3D 3.78
400E666666666666 3.80
400F333333333333 3.9
4010000000000000 4
4010000000000000 4.0
4010000000000000 4E0
4010000000000000 4E00
40100A3D70A3D70A 4.01
4010666666666666 4.1
4010CCCCCCCCCCCD 4.2
4011333333333333 4.3
401199999999999A 4.4
4012000000000000 4.5
4012666666666666 4.6
401277CED916872B 4.617
4012947AE147AE14 4.645
4012CCCCCCCCCCCD 4.7
40134395810624DD 4.816
401373B645A1CAC1 4.863
4014000000000000 5
4014000000000000 5.0
4014000000000000 5E0
40140A3D70A3D70A 5.01
4014666666666666 5.10
401470A3D70A3D71 5.11
4014CCCCCCCCCCCD 5.2
4015333333333333 5.3
4015810624DD2F1B 5.376
4016000000000000 5.5
4016666666666666 5.6
4016CCCCCCCCCCCD 5.7
4017333333333333 5.8
401799999999999A 5.9
4018000000000000 6
4018000000000000 6.0
4018000000000000 6.00
4018000000000000 6E0
4018000000000000 6e0
4018666666666666 6.1
4018666666666666 6.10
401870A3D70A3D71 6.11
40187AE147AE147B 6.12
4018926E978D4FDF 6.143
4018CCCCCCCCCCCD 6.2
4019333333333333 6.3
401999999999999A 6.4
401A000000000000 6.5
401A666666666666 6.6
401ACCCCCCCCCCCD 6.7
401B333333333333 6.8
401B99999999999A 6.9
401C000000000000 7
401C000000000000 7.0
401C000000000000 7E0
401C1EB851EB851F 7.03
401C666666666666 7.1
401CCCCCCCCCCCCD 7.2
401D333333333333 7.3
401D99999999999A 7.4
401E0A3D70A3D70A 7.51
401F333333333333 7.8
401F7AE147AE147B 7.87
401F99999999999A 7.9
4020000000000000 8
4020000000000000 8.0
4020000000000000 8.00
4020000000000000 8E0
4020333333333333 8.1
4020666666666666 8.2
402099999999999A 8.3
4020CCCCCCCCCCCD 8.4
4021000000000000 8.5
4021CCCCCCCCCCCD 8.9
4022000000000000 9
4022000000000000 9.0
4022000000000000 9.00
4022000000000000 9E0
4022333333333333 9.1
4022666666666666 9.2
4024000000000000 10
4024000000000000 10.0
4024000000000000 10.00
4024000000000000 1E01
4024000000000000 1E1
4024333333333333 10.1
4024666666666666 10.2
4024666666666666 10.20
402499999999999A 10.3
4024CCCCCCCCCCCD 10.4
4025000000000000 10.5
4025333333333333 10.6
4025666666666666 10.7
4025CCCCCCCCCCCD 10.9
4026000000000000 11
4026000000000000 11.0
4026000000000000 11.00
4026333333333333 11.1
402675C28F5C28F6 11.23
4028000000000000 12
4028000000000000 12.0
4028147AE147AE14 12.04
4028333333333333 12.1
4028666666666666 12.2
40288E5604189375 12.278
4028BC6A7EF9DB23 12.368
402A000000000000 13
402A000000000000 13.0
402A333333333333 13.1
402A666666666666 13.2
402ACE5604189375 13.403
402BCBC6A7EF9DB2 13.898
402C000000000000 14
402C000000000000 14.0
402C333333333333 14.1
402E000000000000 15
402E000000000000 15.0
4030000000000000 16
4030000000000000 16.0
403019999999999A 16.1
403028F5C28F5C29 16.16
4030333333333333 16.2
4030B33333333333 16.7
4031000000000000 17
4031000000000000 17.0
403119999999999A 17.1
4031333333333333 17.2
40314CCCCCCCCCCD 17.3
4031666666666666 17.4
4032000000000000 18
4032000000000000 18.0
403219999999999A 18.1
4032333333333333 18.2
40324CCCCCCCCCCD 18.3
4032666666666666 18.4
4032800000000000 18.5
403299999999999A 18.6
4033000000000000 19
4033000000000000 19E0
4034000000000000 20
40342B851EB851EC 20.17
4035000000000000 21
4035000000000000 21E0
4036000000000000 22
4036000000000000 22E0
4037000000000000 23
4038000000000000 24
4038000000000000 24E0
4039000000000000 25
40393AE147AE147B 25.23
4039800000000000 25.5
403A000000000000 26
403A99999999999A 26.6
403B000000000000 27
403C000000000000 28
403D000000000000 29
403D970A3D70A3D7 29.590
403E000000000000 30
403E000000000000 30E0
403E000000000000 3e1
403F000000000000 31
403F5126E978D4FE 31.317
4040000000000000 32
4040000000000000 32.0
4040800000000000 33
4040820C49BA5E35 33.016
40408C8B43958106 33.098
4041000000000000 34
40411BA5E353F7CF 34.216
4041247AE147AE14 34.285
4041800000000000 35
4042000000000000 36
4042800000000000 37
4042F03126E978D5 37.8765
4043000000000000 38
4043800000000000 39
4044000000000000 40
4044000000000000 4E1
4044800000000000 41
4045000000000000 42
4045800000000000 43
4046000000000000 44
4046800000000000 45
4047000000000000 46
4047800000000000 47
4048000000000000 48
4048800000000000 49
4049000000000000 50
4049000000000000 5E1
4049800000000000 51
404A000000000000 52
404A800000000000 53
404B000000000000 54
404B800000000000 55
404C000000000000 56
404C800000000000 57
404D000000000000 58
404D800000000000 59
404E000000000000 60
404E000000000000 6E1
404E000000000000 6e1
404E800000000000 61
404F000000000000 62
404F800000000000 63
4050000000000000 64
4050000000000000 64.0
4050400000000000 65
4050800000000000 66
4050C00000000000 67
4051000000000000 68
4051400000000000 69
4051800000000000 70
4051800000000000 7E1
4051C00000000000 71
4052000000000000 72
40521147AE147AE1 72.27
4052400000000000 73
4052800000000000 74
4052C00000000000 75
4053000000000000 76
4053400000000000 77
4053800000000000 78
4053C00000000000 79
4054000000000000 80
4054000000000000 80.0000
4054000000000000 8E1
4054400000000000 81
4054800000000000 82
4054C00000000000 83
4055000000000000 84
4055400000000000 85
4055800000000000 86
4055C00000000000 87
4056000000000000 88
4056400000000000 89
4056800000000000 90
4056800000000000 9E1
4056C00000000000 91
4057000000000000 92
4057400000000000 93
4057800000000000 94
4057C00000000000 95
4058000000000000 96
4058400000000000 97
4058800000000000 98
4058C00000000000 99
4058FF5C28F5C28F 99.99
4059000000000000 100
4059000000000000 100.0
4059000000000000 1E02
4059000000000000 1E2
4059400000000000 101
4059800000000000 102
4059C00000000000 103
405A000000000000 104
405A400000000000 105
405A800000000000 106
405AC00000000000 107
405B000000000000 108
405B400000000000 109
405B800000000000 110
405BC00000000000 111
405C000000000000 112
405C400000000000 113
405C800000000000 114
405CC00000000000 115
405D000000000000 116
405D400000000000 117
405D800000000000 118
405DC00000000000 119
405E000000000000 120
405E400000000000 121
405E800000000000 122
405EC00000000000 123
405F000000000000 124
405F400000000000 125
405F800000000000 126
405FC00000000000 127
405FC00000000000 127.0
4060000000000000 128
4060200000000000 129
4060400000000000 130
4060600000000000 131
4060800000000000 132
4060A00000000000 133
4060A00000000000 133.0
4060C00000000000 134
4060E00000000000 135
4061000000000000 136
4061000000000000 136.0
4061200000000000 137
4061400000000000 138
4061600000000000 139
4061800000000000 140
4061A00000000000 141
4061C00000000000 142
4061E00000000000 143
4062000000000000 144
4062200000000000 145
4062400000000000 146
4062600000000000 147
4062800000000000 148
4062A00000000000 149
4062C00000000000 150
4062E00000000000 151
4063000000000000 152
4063200000000000 153
4063400000000000 154
4063600000000000 155
4063800000000000 156
4063A00000000000 157
4063C00000000000 158
4063E00000000000 159
4064000000000000 160
4064200000000000 161
4064400000000000 162
4064600000000000 163
4064800000000000 164
4064936FD21FF2E5 164.6074
4064A00000000000 165
4064C00000000000 166
4064E00000000000 167
4065000000000000 168
4065200000000000 169
4065400000000000 170
4065600000000000 171
4065800000000000 172
4065A00000000000 173
4065C00000000000 174
4065E00000000000 175
4066000000000000 176
4066200000000000 177
4066400000000000 178
4066600000000000 179
4066800000000000 180
4066A00000000000 181
4066C00000000000 182
4066E00000000000 183
4067000000000000 184
4067200000000000 185
4067400000000000 186
4067600000000000 187
4067800000000000 188
4067A00000000000 189
4067C00000000000 190
4067E00000000000 191
4068000000000000 192
4068200000000000 193
4068400000000000 194
4068600000000000 195
4068800000000000 196
4068A00000000000 197
4068C00000000000 198
4068E00000000000 199
4069000000000000 200
4069000000000000 200.0
4069200000000000 201
4069400000000000 202
4069600000000000 203
4069800000000000 204
4069A00000000000 205
4069C00000000000 206
4069E00000000000 207
406A000000000000 208
406A200000000000 209
406A400000000000 210
406A400000000000 21E1
406A400000000000 21e1
406A600000000000 211
406A800000000000 212
406AA00000000000 213
406AC00000000000 214
406AE00000000000 215
406B000000000000 216
406B200000000000 217
406B400000000000 218
406B600000000000 219
406B800000000000 220
406BA00000000000 221
406BC00000000000 222
406BE00000000000 223
406C000000000000 224
406C200000000000 225
406C400000000000 226
406C600000000000 227
406C800000000000 228
406CA00000000000 229
406CC00000000000 230
406CE00000000000 231
406D000000000000 232
406D200000000000 233
406D400000000000 234
406D600000000000 235
406D800000000000 236
406DA00000000000 237
406DC00000000000 238
406DE00000000000 239
406E000000000000 240
406E000000000000 24E1
406E200000000000 241
406E400000000000 242
406E600000000000 243
406E800000000000 244
406EA00000000000 245
406EC00000000000 246
406EE00000000000 247
406F000000000000 248
406F200000000000 249
406F400000000000 250
406F600000000000 251
406F800000000000 252
406FA00000000000 253
406FC00000000000 254
406FE00000000000 255
4070000000000000 256
4070100000000000 257
4070200000000000 258
4070300000000000 259
4070400000000000 260
4070500000000000 261
4070600000000000 262
4070700000000000 263
4070800000000000 264
4070900000000000 265
4070A00000000000 266
4070B00000000000 267
4070C00000000000 268
4070D00000000000 269
4070E00000000000 270
4070F00000000000 271
4071000000000000 272
4071100000000000 273
4071200000000000 274
4071300000000000 275
4071400000000000 276
4071500000000000 277
4071600000000000 278
4071700000000000 279
4071800000000000 280
4071900000000000 281
4071A00000000000 282
4071B00000000000 283
4071C00000000000 284
4071D00000000000 285
4071E00000000000 286
4071F00000000000 287
4072000000000000 288
4072100000000000 289
4072200000000000 290
4072300000000000 291
4072400000000000 292
4072500000000000 293
4072600000000000 294
4072700000000000 295
4072800000000000 296
4072900000000000 297
4072A00000000000 298
4072B00000000000 299
4072C00000000000 300
4072C00000000000 30E1
4072C00000000000 3E2
4072D00000000000 301
4072E00000000000 302
4072F00000000000 303
4073000000000000 304
4073100000000000 305
4073200000000000 306
4073300000000000 307
4073400000000000 308
4073500000000000 309
4073600000000000 310
4073700000000000 311
4073800000000000 312
4073900000000000 313
4073A00000000000 314
4073B00000000000 315
4073C00000000000 316
4073D00000000000 317
4073E00000000000 318
4073F00000000000 319
4074000000000000 320
4074100000000000 321
4074200000000000 322
4074300000000000 323
4074400000000000 324
4074500000000000 325
4074600000000000 326
4074700000000000 327
4074800000000000 328
4074900000000000 329
4074A00000000000 330
4074B00000000000 331
4074C00000000000 332
4074D00000000000 333
4074E00000000000 334
4074F00000000000 335
4075000000000000 336
4075100000000000 337
4075200000000000 338
4075300000000000 339
4075400000000000 340
4075500000000000 341
4075600000000000 342
4075700000000000 343
4075800000000000 344
4075900000000000 345
4075A00000000000 346
4075B00000000000 347
4075C00000000000 348
4075D00000000000 349
4075E00000000000 350
4075F00000000000 351
4076000000000000 352
4076100000000000 353
4076200000000000 354
4076300000000000 355
4076400000000000 356
4076500000000000 357
4076600000000000 358
4076700000000000 359
4076800000000000 360
4076900000000000 361
4076A00000000000 362
4076B00000000000 363
4076C00000000000 364
4076D00000000000 365
4076E00000000000 366
4076F00000000000 367
4077000000000000 368
4077100000000000 369
4077200000000000 370
4077300000000000 371
4077400000000000 372
4077500000000000 373
4077600000000000 374
4077700000000000 375
4077800000000000 376
4077900000000000 377
4077A00000000000 378
4077C00000000000 380
4077D00000000000 381
4078000000000000 384
4078100000000000 385
4078200000000000 386
4078300000000000 387
4078400000000000 388
4078500000000000 389
4078600000000000 390
4078700000000000 391
4078800000000000 392
4078900000000000 393
4078A00000000000 394
4078B00000000000 395
4078C00000000000 396
4078D00000000000 397
4078E00000000000 398
4078F00000000000 399
4079000000000000 400
4079000000000000 4E2
4079100000000000 401
4079200000000000 402
4079300000000000 403
4079400000000000 404
4079500000000000 405
4079600000000000 406
4079700000000000 407
4079800000000000 408
40798E93DD97F62B 408.9111
4079900000000000 409
4079A00000000000 410
4079B00000000000 411
4079C00000000000 412
4079C39EECBFB15B 412.2263
4079D00000000000 413
4079E00000000000 414
4079F00000000000 415
407A000000000000 416
407A100000000000 417
407A200000000000 418
407A300000000000 419
407A400000000000 420
407A500000000000 421
407A600000000000 422
407A700000000000 423
407A800000000000 424
407A900000000000 425
407AA00000000000 426
407AB00000000000 427
407AC00000000000 428
407AD00000000000 429
407AE00000000000 430
407AF00000000000 431
407B000000000000 432
407B100000000000 433
407B200000000000 434
407B300000000000 435
407B400000000000 436
407B500000000000 437
407B600000000000 438
407B700000000000 439
407B800000000000 440
407B900000000000 441
407BA00000000000 442
407BB00000000000 443
407BC00000000000 444
407BD00000000000 445
407BE00000000000 446
407BF00000000000 447
407C000000000000 448
407C100000000000 449
407C200000000000 450
407C300000000000 451
407C400000000000 452
407C500000000000 453
407C600000000000 454
407C700000000000 455
407C7E381D7DBF48 455.8887
407C800000000000 456
407C900000000000 457
407CA00000000000 458
407CB00000000000 459
407CC00000000000 460
407CD00000000000 461
407CE00000000000 462
407CF00000000000 463
407D000000000000 464
407D100000000000 465
407D200000000000 466
407D300000000000 467
407D400000000000 468
407D500000000000 469
407D600000000000 470
407D700000000000 471
407D800000000000 472
407D900000000000 473
407DA00000000000 474
407DB00000000000 475
407DC00000000000 476
407DD00000000000 477
407DE00000000000 478
407DF00000000000 479
407E000000000000 480
407E100000000000 481
407E200000000000 482
407E300000000000 483
407E400000000000 484
407E500000000000 485
407E600000000000 486
407E800000000000 488
407E900000000000 489
407EA00000000000 490
407EB00000000000 491
407EC00000000000 492
407ED00000000000 493
407EE00000000000 494
407EF00000000000 495
407F000000000000 496
407F100000000000 497
407F200000000000 498
407F300000000000 499
407F400000000000 500
407F400000000000 500.0
407F400000000000 5E2
407F500000000000 501
407F600000000000 502
407F800000000000 504
407F900000000000 505
407FA00000000000 506
407FC00000000000 508
407FE00000000000 510
407FF00000000000 511
4080000000000000 512
4080080000000000 513
4080100000000000 514
4080200000000000 516
4080300000000000 518
4080400000000000 520
4080500000000000 522
4080580000000000 523
4080600000000000 524
4080700000000000 526
4080800000000000 528
4080900000000000 530
4080980000000000 531
4080A00000000000 532
4080A80000000000 533
4080B00000000000 534
4080B80000000000 535
4080BA87FCB923A3 535.3164
4080C00000000000 536
4080C80000000000 537
4080D00000000000 538
4080D80000000000 539
4080E00000000000 540
4080E80000000000 541
4080F00000000000 542
4080F80000000000 543
4081000000000000 544
4081080000000000 545
4081100000000000 546
4081180000000000 547
4081200000000000 548
4081280000000000 549
4081300000000000 550
4081380000000000 551
4081400000000000 552
4081480000000000 553
4081500000000000 554
4081580000000000 555
4081600000000000 556
4081680000000000 557
4081700000000000 558
4081780000000000 559
4081880000000000 561
4081900000000000 562
4081980000000000 563
4081A00000000000 564
4081A80000000000 565
4081B00000000000 566
4081B80000000000 567
4081C00000000000 568
4081C80000000000 569
4081D00000000000 570
4081D80000000000 571
4081E00000000000 572
4081E80000000000 573
4081F00000000000 574
4081F80000000000 575
4082000000000000 576
4082080000000000 577
4082100000000000 578
4082180000000000 579
4082200000000000 580
4082280000000000 581
4082300000000000 582
4082380000000000 583
4082400000000000 584
4082480000000000 585
4082500000000000 586
4082580000000000 587
4082680000000000 589
4082700000000000 590
4082780000000000 591
4082800000000000 592
4082880000000000 593
4082900000000000 594
4082980000000000 595
4082A00000000000 596
4082A80000000000 597
4082B00000000000 598
4082B80000000000 599
4082C00000000000 600
4082C00000000000 6E2
4082E00000000000 604
4082E80000000000 605
4083000000000000 608
4083100000000000 610
4083200000000000 612
4083300000000000 614
4083400000000000 616
4083500000000000 618
4083600000000000 620
4083680000000000 621
4083700000000000 622
4083780000000000 623
4083800000000000 624
4083880000000000 625
4083900000000000 626
4083980000000000 627
4083A00000000000 628
4083A80000000000 629
4083B00000000000 630
4083B80000000000 631
4083C00000000000 632
4083C80000000000 633
4083D00000000000 634
4083D32B020C49BA 634.396
4083D32B020C49BA 634.3960
4083D80000000000 635
4083E00000000000 636
4083E80000000000 637
4083F00000000000 638
4083F80000000000 639
4084000000000000 640
4084080000000000 641
4084100000000000 642
4084180000000000 643
4084200000000000 644
4084280000000000 645
4084300000000000 646
4084380000000000 647
4084400000000000 648
4084480000000000 649
4084500000000000 650
4084580000000000 651
4084600000000000 652
4084700000000000 654
4084780000000000 655
4084800000000000 656
4084900000000000 658
4084A00000000000 660
4084A80000000000 661
4084B00000000000 662
4084B80000000000 663
4084C00000000000 664
4084C80000000000 665
4084D00000000000 666
4084D80000000000 667
4084E00000000000 668
4084E80000000000 669
4084F00000000000 670
4085100000000000 674
4085200000000000 676
4085300000000000 678
4085380000000000 679
4085400000000000 680
4085480000000000 681
4085580000000000 683
4085680000000000 685
4085700000000000 686
4085800000000000 688
4085980000000000 691
4085B00000000000 694
4085C00000000000 696
4085D00000000000 698
4085E00000000000 700
4085E00000000000 7E2
4086180000000000 707
4086400000000000 712
4086800000000000 720
4086880000000000 721
408695999999999A 722.7
4086A00000000000 724
4086B00000000000 726
4086D00000000000 730
4086D80000000000 731
4086E00000000000 732
4086E80000000000 733
4086F00000000000 734
4086F80000000000 735
4087000000000000 736
4087080000000000 737
4087100000000000 738
4087180000000000 739
4087200000000000 740
4087280000000000 741
4087580000000000 747
4087680000000000 749
4087700000000000 750
4087980000000000 755
4087A00000000000 756
4087B00000000000 758
4087C00000000000 760
4087C80000000000 761
4087D00000000000 762
4087D80000000000 763
4087E00000000000 764
4087E80000000000 765
4087F00000000000 766
4087F80000000000 767
4088000000000000 768
4088080000000000 769
4088100000000000 770
4088180000000000 771
4088200000000000 772
4088280000000000 773
4088300000000000 774
4088380000000000 775
4088400000000000 776
4088480000000000 777
4088500000000000 778
4088580000000000 779
4088600000000000 780
4088780000000000 783
4088900000000000 786
408891C3FE5C91D1 786.2207
4088980000000000 787
4088A00000000000 788
4088B00000000000 790
4088E80000000000 797
4089000000000000 800
4089080000000000 801
4089100000000000 802
4089200000000000 804
4089300000000000 806
4089380000000000 807
4089480000000000 809
4089500000000000 810
4089580000000000 811
4089600000000000 812
4089680000000000 813
4089700000000000 814
4089800000000000 816
4089900000000000 818
4089980000000000 819
4089A00000000000 820
4089B00000000000 822
4089B80000000000 823
4089C80000000000 825
4089D00000000000 826
4089D80000000000 827
4089E80000000000 829
408A000000000000 832
408A380000000000 839
408A400000000000 840
408A580000000000 843
408A680000000000 845
408A700000000000 846
408A900000000000 850
408A980000000000 851
408AA00000000000 852
408AB00000000000 854
408AC00000000000 856
408AD80000000000 859
408AE00000000000 860
408AE80000000000 861
408B380000000000 871
408B480000000000 873
408B500000000000 874
408B600000000000 876
408B800000000000 880
408B880000000000 881
408B980000000000 883
408BA00000000000 884
408BA80000000000 885
408BB00000000000 886
408BB80000000000 887
408BC00000000000 888
408BC80000000000 889
408BD00000000000 890
408BD80000000000 891
408BE00000000000 892
408BE80000000000 893
408BF00000000000 894
408BF80000000000 895
408C000000000000 896
408C080000000000 897
408C100000000000 898
408C180000000000 899
408C200000000000 900
408C200000000000 9E2
408C280000000000 901
408C300000000000 902
408C380000000000 903
408C480000000000 905
408C500000000000 906
408C580000000000 907
408C600000000000 908
408C680000000000 909
408C700000000000 910
408C780000000000 911
408C800000000000 912
408C880000000000 913
408C900000000000 914
408C980000000000 915
408CA00000000000 916
408CA80000000000 917
408CB00000000000 918
408CB80000000000 919
408CC00000000000 920
408CC80000000000 921
408CD00000000000 922
408CD80000000000 923
408CE00000000000 924
408CE80000000000 925
408CF00000000000 926
408CF80000000000 927
408D000000000000 928
408D080000000000 929
408D100000000000 930
408D180000000000 931
408D200000000000 932
408D280000000000 933
408D300000000000 934
408D380000000000 935
408D400000000000 936
408D480000000000 937
408D500000000000 938
408D580000000000 939
408D600000000000 940
408D680000000000 941
408D700000000000 942
408D780000000000 943
408D800000000000 944
408D880000000000 945
408D900000000000 946
408D980000000000 947
408DA00000000000 948
408DA80000000000 949
408DB00000000000 950
408DB80000000000 951
408DC00000000000 952
408DC80000000000 953
408DD00000000000 954
408DE80000000000 957
408DF00000000000 958
408DF80000000000 959
408E000000000000 960
408E080000000000 961
408E100000000000 962
408E180000000000 963
408E200000000000 964
408E280000000000 965
408E300000000000 966
408E380000000000 967
408E400000000000 968
408E480000000000 969
408E500000000000 970
408E580000000000 971
408E780000000000 975
408E980000000000 979
408EA00000000000 980
408EA80000000000 981
408EB00000000000 982
408EB80000000000 983
408EC80000000000 985
408ED00000000000 986
408ED80000000000 987
408EE00000000000 988
408EE80000000000 989
408EF00000000000 990
408EF80000000000 991
408F080000000000 993
408F100000000000 994
408F180000000000 995
408F200000000000 996
408F280000000000 997
408F300000000000 998
408F380000000000 999
408F400000000000 1000
408F400000000000 1E03
408F400000000000 1E3
408F480000000000 1001
408F500000000000 1002
408F600000000000 1004
408F780000000000 1007
408F800000000000 1008
408F880000000000 1009
408FA80000000000 1013
408FB80000000000 1015
408FD00000000000 1018
408FE80000000000 1021
4090000000000000 1024
4090040000000000 1025
4090140000000000 1029
4090180000000000 1030
40901C0000000000 1031
4090200000000000 1032
4090240000000000 1033
4090280000000000 1034
4090340000000000 1037
40903C0000000000 1039
4090400000000000 1040
4090500000000000 1044
4090540000000000 1045
40905C0000000000 1047
4090680000000000 1050
4090740000000000 1053
40907C0000000000 1055
4090800000000000 1056
4090880000000000 1058
40908C0000000000 1059
4090900000000000 1060
4090A80000000000 1066
4090BC0000000000 1071
4090C40000000000 1073
4090C80000000000 1074
4090DC0000000000 1079
4090E80000000000 1082
4090EC0000000000 1083
4090F40000000000 1085
4090F80000000000 1086
4090FC0000000000 1087
4091000000000000 1088
4091040000000000 1089
40910C0000000000 1091
4091140000000000 1093
40911C0000000000 1095
4091300000000000 1100
4091340000000000 1101
4091500000000000 1108
40916C0000000000 1115
4091780000000000 1118
40917C0000000000 1119
4091980000000000 1126
4091AC0000000000 1131
4091B80000000000 1134
4091DC0000000000 1143
4091E00000000000 1144
4091F80000000000 1150
4092140000000000 1157
4092200000000000 1160
4092440000000000 1169
40924C0000000000 1171
40927C0000000000 1183
4092A80000000000 1194
4092B40000000000 1197
4092C00000000000 1200
4092C80000000000 1202
4092DC0000000000 1207
4092EC0000000000 1211
40930C0000000000 1219
4093180000000000 1222
4093340000000000 1229
4093480000000000 1234
40934C0000000000 1235
4093540000000000 1237
4093600000000000 1240
4093780000000000 1246
40937C0000000000 1247
4093880000000000 1250
40938C0000000000 1251
4093900000000000 1252
4093940000000000 1253
4093980000000000 1254
40939C0000000000 1255
4093A00000000000 1256
4093A40000000000 1257
4093A80000000000 1258
4093BC0000000000 1263
4093D80000000000 1270
4093F00000000000 1276
4094000000000000 1280
4094180000000000 1286
4094280000000000 1290
4094500000000000 1300
4094540000000000 1301
4094580000000000 1302
40945C0000000000 1303
40946C0000000000 1307
4094840000000000 1313
4094980000000000 1318
40949C0000000000 1319
4094A40000000000 1321
4094AC0000000000 1323
4094D00000000000 1332
4095080000000000 1346
4095180000000000 1350
40951C0000000000 1351
4095300000000000 1356
4095440000000000 1361
40954C0000000000 1363
4095580000000000 1366
40955C0000000000 1367
4095680000000000 1370
40957C0000000000 1375
4095900000000000 1380
4095A40000000000 1385
4095C00000000000 1392
4095C80000000000 1394
4095D80000000000 1398
4095E00000000000 1400
4095E40000000000 1401
4095EC0000000000 1403
4095F00000000000 1404
4095F40000000000 1405
4095FC0000000000 1407
4096040000000000 1409
4096100000000000 1412
4096180000000000 1414
4096340000000000 1421
40964C0000000000 1427
4096640000000000 1433
4096800000000000 1440
40968C0000000000 1443
4096A80000000000 1450
4096C40000000000 1457
4096F40000000000 1469
4096FC0000000000 1471
4097080000000000 1474
40971C0000000000 1479
4097380000000000 1486
4097540000000000 1493
4097700000000000 1500
40977C0000000000 1503
4097880000000000 1506
40979C0000000000 1511
4097A00000000000 1512
4097C80000000000 1522
4097DC0000000000 1527
4097E40000000000 1529
4098000000000000 1536
4098040000000000 1537
40981C0000000000 1543
4098380000000000 1550
4098680000000000 1562
40987C0000000000 1567
4098900000000000 1572
4098AC0000000000 1579
4098C80000000000 1586
4098F00000000000 1596
4098FC0000000000 1599
4099000000000000 1600
40990C0000000000 1603
4099280000000000 1610
4099580000000000 1622
4099800000000000 1632
4099840000000000 1633
40999C0000000000 1639
4099B40000000000 1645
4099CC0000000000 1651
4099D00000000000 1652
4099F40000000000 1661
409A0C0000000000 1667
409A100000000000 1668
409A400000000000 1680
409A680000000000 1690
409A840000000000 1697
409A900000000000 1700
409AA00000000000 1704
409AD00000000000 1716
409AE00000000000 1720
409AF80000000000 1726
409B000000000000 1728
409B140000000000 1733
409B200000000000 1736
409B300000000000 1740
409B4C0000000000 1747
409B580000000000 1750
409B7C0000000000 1759
409B800000000000 1760
409BA00000000000 1768
409BA40000000000 1769
409BC00000000000 1776
409BD00000000000 1780
409BDC0000000000 1783
409BF80000000000 1790
409C140000000000 1797
409C200000000000 1800
409C240000000000 1801
409C440000000000 1809
409C600000000000 1816
409C6C0000000000 1819
409C880000000000 1826
409C900000000000 1828
409CA40000000000 1833
409CCC0000000000 1843
409CE80000000000 1850
409CF00000000000 1852
409D140000000000 1861
409D180000000000 1862
409D300000000000 1868
409D600000000000 1880
409D700000000000 1884
409D9C0000000000 1895
409DA80000000000 1898
409DB00000000000 1900
409DD80000000000 1910
409DE00000000000 1912
409E000000000000 1920
409E080000000000 1922
409E140000000000 1925
409E1C0000000000 1927
409E2C0000000000 1931
409E380000000000 1934
409E400000000000 1936
409E440000000000 1937
409E580000000000 1942
409E780000000000 1950
409E7C0000000000 1951
409E800000000000 1952
409E880000000000 1954
409EA80000000000 1962
409ED40000000000 1973
409EE80000000000 1978
409EF00000000000 1980
409EF80000000000 1982
409EFC0000000000 1983
409F040000000000 1985
409F0C0000000000 1987
409F100000000000 1988
409F140000000000 1989
409F180000000000 1990
409F1C0000000000 1991
409F200000000000 1992
409F280000000000 1994
409F2C0000000000 1995
409F300000000000 1996
409F340000000000 1997
409F380000000000 1998
409F3C0000000000 1999
409F400000000000 2000
409F400000000000 2E3
409F440000000000 2001
409F480000000000 2002
409F4C0000000000 2003
409F500000000000 2004
409F540000000000 2005
409F580000000000 2006
409F5C0000000000 2007
409F600000000000 2008
409F640000000000 2009
409F680000000000 2010
409F6C0000000000 2011
409F700000000000 2012
409F740000000000 2013
409F780000000000 2014
409F7C0000000000 2015
409F800000000000 2016
409F840000000000 2017
409F880000000000 2018
409F8C0000000000 2019
409F900000000000 2020
409F940000000000 2021
409F980000000000 2022
409FA00000000000 2024
409FA40000000000 2025
409FA80000000000 2026
409FB00000000000 2028
409FB80000000000 2030
409FC00000000000 2032
409FC40000000000 2033
409FCC0000000000 2035
409FD80000000000 2038
409FDC0000000000 2039
409FE00000000000 2040
409FE80000000000 2042
409FF00000000000 2044
409FF80000000000 2046
40A0000000000000 2048
40A0020000000000 2049
40A00C0000000000 2054
40A0260000000000 2067
40A02A0000000000 2069
40A02C0000000000 2070
40A0340000000000 2074
40A0360000000000 2075
40A0380000000000 2076
40A03A0000000000 2077
40A03C0000000000 2078
40A03E0000000000 2079
40A0400000000000 2080
40A0420000000000 2081
40A0440000000000 2082
40A0460000000000 2083
40A0480000000000 2084
40A04A0000000000 2085
40A04C0000000000 2086
40A04E0000000000 2087
40A0500000000000 2088
40A0520000000000 2089
40A0580000000000 2092
40A0640000000000 2098
40A0680000000000 2100
40A0680000000000 21E2
40A06E0000000000 2103
40A0720000000000 2105
40A0740000000000 2106
40A07A0000000000 2109
40A07C0000000000 2110
40A07E0000000000 2111
40A0820000000000 2113
40A0880000000000 2116
40A08C0000000000 2118
40A0900000000000 2120
40A0920000000000 2121
40A0940000000000 2122
40A0980000000000 2124
40A09C0000000000 2126
40A0AA0000000000 2133
40A0AE0000000000 2135
40A0B20000000000 2137
40A0C60000000000 2147
40A0CA0000000000 2149
40A0CC0000000000 2150
40A0D20000000000 2153
40A0D40000000000 2154
40A0E00000000000 2160
40A0E20000000000 2161
40A0E40000000000 2162
40A0E60000000000 2163
40A0E80000000000 2164
40A0EA0000000000 2165
40A0EC0000000000 2166
40A0EE0000000000 2167
40A0F00000000000 2168
40A0F20000000000 2169
40A0F40000000000 2170
40A0F60000000000 2171
40A0F80000000000 2172
40A0FA0000000000 2173
40A0FC0000000000 2174
40A0FE0000000000 2175
40A1000000000000 2176
40A1020000000000 2177
40A1040000000000 2178
40A1060000000000 2179
40A10C0000000000 2182
40A11C0000000000 2190
40A11E0000000000 2191
40A1200000000000 2192
40A1220000000000 2193
40A1240000000000 2194
40A1260000000000 2195
40A1280000000000 2196
40A12A0000000000 2197
40A12C0000000000 2198
40A12E0000000000 2199
40A1300000000000 2200
40A1340000000000 2202
40A1360000000000 2203
40A1380000000000 2204
40A13A0000000000 2205
40A13C0000000000 2206
40A13E0000000000 2207
40A1400000000000 2208
40A1420000000000 2209
40A1460000000000 2211
40A1480000000000 2212
40A14A0000000000 2213
40A14E0000000000 2215
40A1500000000000 2216
40A1520000000000 2217
40A1560000000000 2219
40A1580000000000 2220
40A15E0000000000 2223
40A1620000000000 2225
40A1640000000000 2226
40A1660000000000 2227
40A1680000000000 2228
40A16A0000000000 2229
40A1740000000000 2234
40A1760000000000 2235
40A1780000000000 2236
40A17A0000000000 2237
40A17E0000000000 2239
40A1800000000000 2240
40A1860000000000 2243
40A18A0000000000 2245
40A1900000000000 2248
40A1920000000000 2249
40A1940000000000 2250
40A1960000000000 2251
40A1980000000000 2252
40A19A0000000000 2253
40A1A60000000000 2259
40A1A80000000000 2260
40A1AA0000000000 2261
40A1AC0000000000 2262
40A1B00000000000 2264
40A1B20000000000 2265
40A1B40000000000 2266
40A1B60000000000 2267
40A1B80000000000 2268
40A1BA0000000000 2269
40A1BC0000000000 2270
40A1BE0000000000 2271
40A1C00000000000 2272
40A1C20000000000 2273
40A1C80000000000 2276
40A1CA0000000000 2277
40A1CE0000000000 2279
40A1D00000000000 2280
40A1D20000000000 2281
40A1D40000000000 2282
40A1D60000000000 2283
40A1D80000000000 2284
40A1DA0000000000 2285
40A1DC0000000000 2286
40A1DE0000000000 2287
40A1E20000000000 2289
40A1EE0000000000 2295
40A1F00000000000 2296
40A1F20000000000 2297
40A1F60000000000 2299
40A1F80000000000 2300
40A1FC0000000000 2302
40A1FE0000000000 2303
40A2020000000000 2305
40A20A0000000000 2309
40A20C0000000000 2310
40A20E0000000000 2311
40A2100000000000 2312
40A21C0000000000 2318
40A21E0000000000 2319
40A2200000000000 2320
40A2220000000000 2321
40A22A0000000000 2325
40A22C0000000000 2326
40A22E0000000000 2327
40A2300000000000 2328
40A2320000000000 2329
40A2380000000000 2332
40A23A0000000000 2333
40A2400000000000 2336
40A2480000000000 2340
40A26C0000000000 2358
40A2700000000000 2360
40A27E0000000000 2367
40A2920000000000 2377
40A2B00000000000 2392
40A2B20000000000 2393
40A2C00000000000 2400
40A2C00000000000 24E2
40A2C20000000000 2401
40A2D00000000000 2408
40A2D20000000000 2409
40A2D40000000000 2410
40A2D60000000000 2411
40A2D80000000000 2412
40A2DE0000000000 2415
40A2E60000000000 2419
40A2EE0000000000 2423
40A2F00000000000 2424
40A2F40000000000 2426
40A2FC0000000000 2430
40A3020000000000 2433
40A3100000000000 2440
40A31E0000000000 2447
40A32C0000000000 2454
40A3380000000000 2460
40A33A0000000000 2461
40A33C0000000000 2462
40A33E0000000000 2463
40A3400000000000 2464
40A3420000000000 2465
40A3440000000000 2466
40A3460000000000 2467
40A3480000000000 2468
40A34A0000000000 2469
40A34C0000000000 2470
40A34E0000000000 2471
40A3500000000000 2472
40A3520000000000 2473
40A3540000000000 2474
40A3560000000000 2475
40A3580000000000 2476
40A35A0000000000 2477
40A35C0000000000 2478
40A35E0000000000 2479
40A3600000000000 2480
40A3620000000000 2481
40A3640000000000 2482
40A3660000000000 2483
40A3680000000000 2484
40A36A0000000000 2485
40A36C0000000000 2486
40A36E0000000000 2487
40A3700000000000 2488
40A3720000000000 2489
40A3740000000000 2490
40A3760000000000 2491
40A3780000000000 2492
40A37A0000000000 2493
40A37C0000000000 2494
40A37E0000000000 2495
40A3800000000000 2496
40A3820000000000 2497
40A3840000000000 2498
40A3860000000000 2499
40A3880000000000 2500
40A3880000000000 25E2
40A38C0000000000 2502
40A38E0000000000 2503
40A39C0000000000 2510
40A3A40000000000 2514
40A3AA0000000000 2517
40A3AC0000000000 2518
40A3B80000000000 2524
40A3C60000000000 2531
40A3C80000000000 2532
40A3CC0000000000 2534
40A3D40000000000 2538
40A3E20000000000 2545
40A3EC0000000000 2550
40A3EE0000000000 2551
40A3F00000000000 2552
40A3F20000000000 2553
40A3F40000000000 2554
40A3F60000000000 2555
40A3F80000000000 2556
40A3FA0000000000 2557
40A3FC0000000000 2558
40A3FE0000000000 2559
40A4000000000000 2560
40A4020000000000 2561
40A4040000000000 2562
40A4060000000000 2563
40A4080000000000 2564
40A40A0000000000 2565
40A40C0000000000 2566
40A40E0000000000 2567
40A4100000000000 2568
40A4120000000000 2569
40A41A0000000000 2573
40A4280000000000 2580
40A4300000000000 2584
40A4360000000000 2587
40A4380000000000 2588
40A43C0000000000 2590
40A43E0000000000 2591
40A4400000000000 2592
40A4420000000000 2593
40A4440000000000 2594
40A4500000000000 2600
40A4520000000000 2601
40A45A0000000000 2605
40A45C0000000000 2606
40A4680000000000 2612
40A46E0000000000 2615
40A4820000000000 2625
40A4900000000000 2632
40A4A00000000000 2640
40A4A20000000000 2641
40A4A40000000000 2642
40A4A60000000000 2643
40A4B80000000000 2652
40A4C60000000000 2659
40A4C80000000000 2660
40A4CA0000000000 2661
40A4CC0000000000 2662
40A4CE0000000000 2663
40A4D00000000000 2664
40A4D20000000000 2665
40A4D40000000000 2666
40A4D60000000000 2667
40A4D80000000000 2668
40A4DA0000000000 2669
40A4E00000000000 2672
40A4F00000000000 2680
40A4F80000000000 2684
40A5000000000000 2688
40A5100000000000 2696
40A5160000000000 2699
40A5180000000000 2700
40A51A0000000000 2701
40A51C0000000000 2702
40A51E0000000000 2703
40A5200000000000 2704
40A5240000000000 2706
40A5260000000000 2707
40A5280000000000 2708
40A52A0000000000 2709
40A52C0000000000 2710
40A52E0000000000 2711
40A5300000000000 2712
40A5320000000000 2713
40A5340000000000 2714
40A5360000000000 2715
40A5380000000000 2716
40A53A0000000000 2717
40A53C0000000000 2718
40A53E0000000000 2719
40A5400000000000 2720
40A5420000000000 2721
40A5440000000000 2722
40A5460000000000 2723
40A5480000000000 2724
40A54A0000000000 2725
40A54C0000000000 2726
40A54E0000000000 2727
40A5520000000000 2729
40A5540000000000 2730
40A5560000000000 2731
40A5580000000000 2732
40A55A0000000000 2733
40A55C0000000000 2734
40A55E0000000000 2735
40A5600000000000 2736
40A5620000000000 2737
40A5640000000000 2738
40A5660000000000 2739
40A5680000000000 2740
40A56A0000000000 2741
40A56C0000000000 2742
40A56E0000000000 2743
40A5700000000000 2744
40A5720000000000 2745
40A5740000000000 2746
40A5760000000000 2747
40A5780000000000 2748
40A57A0000000000 2749
40A57C0000000000 2750
40A57E0000000000 2751
40A5800000000000 2752
40A5880000000000 2756
40A58C0000000000 2758
40A58E0000000000 2759
40A5920000000000 2761
40A5940000000000 2762
40A5960000000000 2763
40A5980000000000 2764
40A59A0000000000 2765
40A59C0000000000 2766
40A59E0000000000 2767
40A5A00000000000 2768
40A5A20000000000 2769
40A5A40000000000 2770
40A5A60000000000 2771
40A5A80000000000 2772
40A5AA0000000000 2773
40A5AC0000000000 2774
40A5AE0000000000 2775
40A5B00000000000 2776
40A5B20000000000 2777
40A5B40000000000 2778
40A5B60000000000 2779
40A5B80000000000 2780
40A5BA0000000000 2781
40A5BC0000000000 2782
40A5BE0000000000 2783
40A5C00000000000 2784
40A5C20000000000 2785
40A5C40000000000 2786
40A5C60000000000 2787
40A5C80000000000 2788
40A5CA0000000000 2789
40A5CC0000000000 2790
40A5CE0000000000 2791
40A5D00000000000 2792
40A5D20000000000 2793
40A5D40000000000 2794
40A5DA0000000000 2797
40A5DC0000000000 2798
40A5DE0000000000 2799
40A5E00000000000 2800
40A5E20000000000 2801
40A5F20000000000 2809
40A6060000000000 2819
40A6200000000000 2832
40A6440000000000 2850
40A6580000000000 2860
40A6720000000000 2873
40A68A0000000000 2885
40A6A40000000000 2898
40A6A80000000000 2900
40A6B60000000000 2907
40A6CA0000000000 2917
40A6E40000000000 2930
40A6FE0000000000 2943
40A7180000000000 2956
40A7300000000000 2968
40A7480000000000 2980
40A74C0000000000 2982
40A7680000000000 2996
40A7700000000000 3000
40A7700000000000 30E2
40A7700000000000 3E3
40A7720000000000 3001
40A7740000000000 3002
40A7760000000000 3003
40A7780000000000 3004
40A77A0000000000 3005
40A77C0000000000 3006
40A77E0000000000 3007
40A7800000000000 3008
40A7820000000000 3009
40A7840000000000 3010
40A7860000000000 3011
40A7880000000000 3012
40A78A0000000000 3013
40A78C0000000000 3014
40A78E0000000000 3015
40A7900000000000 3016
40A7920000000000 3017
40A7940000000000 3018
40A7960000000000 3019
40A7980000000000 3020
40A79A0000000000 3021
40A79C0000000000 3022
40A79E0000000000 3023
40A7A00000000000 3024
40A7A20000000000 3025
40A7A40000000000 3026
40A7A60000000000 3027
40A7A80000000000 3028
40A7AA0000000000 3029
40A7B40000000000 3034
40A7B80000000000 3036
40A7C00000000000 3040
40A7C20000000000 3041
40A7C40000000000 3042
40A7C60000000000 3043
40A7C80000000000 3044
40A7CA0000000000 3045
40A7CC0000000000 3046
40A7CE0000000000 3047
40A7D00000000000 3048
40A7D20000000000 3049
40A7D40000000000 3050
40A7D60000000000 3051
40A7D80000000000 3052
40A7DA0000000000 3053
40A7DC0000000000 3054
40A7DE0000000000 3055
40A7E00000000000 3056
40A7E20000000000 3057
40A7E40000000000 3058
40A7E60000000000 3059
40A7E80000000000 3060
40A7EA0000000000 3061
40A7EC0000000000 3062
40A7EE0000000000 3063
40A7F00000000000 3064
40A7F20000000000 3065
40A7F40000000000 3066
40A7F60000000000 3067
40A7F80000000000 3068
40A7FA0000000000 3069
40A7FC0000000000 3070
40A7FE0000000000 3071
40A8000000000000 3072
40A8020000000000 3073
40A8040000000000 3074
40A8060000000000 3075
40A8080000000000 3076
40A80A0000000000 3077
40A80C0000000000 3078
40A80E0000000000 3079
40A8100000000000 3080
40A8120000000000 3081
40A8140000000000 3082
40A8160000000000 3083
40A8180000000000 3084
40A81A0000000000 3085
40A81C0000000000 3086
40A81E0000000000 3087
40A8200000000000 3088
40A8220000000000 3089
40A8240000000000 3090
40A8260000000000 3091
40A8280000000000 3092
40A82A0000000000 3093
40A82C0000000000 3094
40A8340000000000 3098
40A8380000000000 3100
40A8420000000000 3105
40A8440000000000 3106
40A8460000000000 3107
40A8480000000000 3108
40A84A0000000000 3109
40A84C0000000000 3110
40A84E0000000000 3111
40A8500000000000 3112
40A8520000000000 3113
40A8540000000000 3114
40A8560000000000 3115
40A8580000000000 3116
40A85A0000000000 3117
40A85C0000000000 3118
40A85E0000000000 3119
40A8600000000000 3120
40A8620000000000 3121
40A8640000000000 3122
40A8660000000000 3123
40A8680000000000 3124
40A86A0000000000 3125
40A86C0000000000 3126
40A86E0000000000 3127
40A8700000000000 3128
40A8720000000000 3129
40A8740000000000 3130
40A8760000000000 3131
40A8780000000000 3132
40A87A0000000000 3133
40A87C0000000000 3134
40A87E0000000000 3135
40A8800000000000 3136
40A8820000000000 3137
40A8840000000000 3138
40A8860000000000 3139
40A8880000000000 3140
40A88A0000000000 3141
40A88C0000000000 3142
40A88E0000000000 3143
40A8900000000000 3144
40A8920000000000 3145
40A8940000000000 3146
40A8960000000000 3147
40A8980000000000 3148
40A89A0000000000 3149
40A89C0000000000 3150
40A89E0000000000 3151
40A8A00000000000 3152
40A8A20000000000 3153
40A8A40000000000 3154
40A8A60000000000 3155
40A8A80000000000 3156
40A8AA0000000000 3157
40A8AC0000000000 3158
40A8AE0000000000 3159
40A8B00000000000 3160
40A8B20000000000 3161
40A8B40000000000 3162
40A8B60000000000 3163
40A8B80000000000 3164
40A8BA0000000000 3165
40A8BC0000000000 3166
40A8BE0000000000 3167
40A8C00000000000 3168
40A8C20000000000 3169
40A8C40000000000 3170
40A8C60000000000 3171
40A8C80000000000 3172
40A8CA0000000000 3173
40A8CC0000000000 3174
40A8CE0000000000 3175
40A8D00000000000 3176
40A8D20000000000 3177
40A8D40000000000 3178
40A8D60000000000 3179
40A8D80000000000 3180
40A8DA0000000000 3181
40A8DC0000000000 3182
40A8DE0000000000 3183
40A8E00000000000 3184
40A8E20000000000 3185
40A8E40000000000 3186
40A8E60000000000 3187
40A8E80000000000 3188
40A8EA0000000000 3189
40A8EC0000000000 3190
40A8F80000000000 3196
40A9000000000000 3200
40A9020000000000 3201
40A9040000000000 3202
40A9060000000000 3203
40A9080000000000 3204
40A90A0000000000 3205
40A90C0000000000 3206
40A90E0000000000 3207
40A9100000000000 3208
40A9120000000000 3209
40A9140000000000 3210
40A9160000000000 3211
40A9180000000000 3212
40A91A0000000000 3213
40A91C0000000000 3214
40A91E0000000000 3215
40A9200000000000 3216
40A9220000000000 3217
40A9240000000000 3218
40A9260000000000 3219
40A9280000000000 3220
40A92A0000000000 3221
40A92C0000000000 3222
40A92E0000000000 3223
40A9300000000000 3224
40A9320000000000 3225
40A9340000000000 3226
40A9360000000000 3227
40A9380000000000 3228
40A93A0000000000 3229
40A93C0000000000 3230
40A93E0000000000 3231
40A9400000000000 3232
40A9420000000000 3233
40A9440000000000 3234
40A9460000000000 3235
40A9480000000000 3236
40A94A0000000000 3237
40A94C0000000000 3238
40A94E0000000000 3239
40A9500000000000 3240
40A9540000000000 3242
40A9560000000000 3243
40A9620000000000 3249
40A9700000000000 3256
40A9780000000000 3260
40A97A0000000000 3261
40A97C0000000000 3262
40A97E0000000000 3263
40A9800000000000 3264
40A9820000000000 3265
40A9840000000000 3266
40A9860000000000 3267
40A9880000000000 3268
40A98A0000000000 3269
40A98C0000000000 3270
40A98E0000000000 3271
40A9900000000000 3272
40A9920000000000 3273
40A9940000000000 3274
40A9960000000000 3275
40A9980000000000 3276
40A99A0000000000 3277
40A99C0000000000 3278
40A99E0000000000 3279
40A9A60000000000 3283
40A9B40000000000 3290
40A9BC0000000000 3294
40A9C00000000000 3296
40A9C20000000000 3297
40A9C40000000000 3298
40A9C60000000000 3299
40A9C80000000000 3300
40A9CE0000000000 3303
40A9D20000000000 3305
40A9DA0000000000 3309
40A9E40000000000 3314
40A9E60000000000 3315
40A9E80000000000 3316
40A9EC0000000000 3318
40A9F20000000000 3321
40A9F40000000000 3322
40A9F60000000000 3323
40A9FC0000000000 3326
40A9FE0000000000 3327
40AA060000000000 3331
40AA0A0000000000 3333
40AA100000000000 3336
40AA140000000000 3338
40AA160000000000 3339
40AA1C0000000000 3342
40AA260000000000 3347
40AA2A0000000000 3349
40AA2E0000000000 3351
40AA320000000000 3353
40AA340000000000 3354
40AA3A0000000000 3357
40AA4A0000000000 3365
40AA620000000000 3377
40AA680000000000 3380
40AA6A0000000000 3381
40AA6C0000000000 3382
40AA6E0000000000 3383
40AA700000000000 3384
40AA720000000000 3385
40AA740000000000 3386
40AA760000000000 3387
40AA780000000000 3388
40AA7A0000000000 3389
40AA7C0000000000 3390
40AA7E0000000000 3391
40AA800000000000 3392
40AA820000000000 3393
40AA840000000000 3394
40AA860000000000 3395
40AA880000000000 3396
40AA8A0000000000 3397
40AA8C0000000000 3398
40AA8E0000000000 3399
40AA900000000000 3400
40AA920000000000 3401
40AAA20000000000 3409
40AAB40000000000 3418
40AACC0000000000 3430
40AADE0000000000 3439
40AAE40000000000 3442
40AAFC0000000000 3454
40AB1E0000000000 3471
40AB360000000000 3483
40AB540000000000 3498
40AB620000000000 3505
40AB640000000000 3506
40AB7C0000000000 3518
40AB940000000000 3530
40ABAC0000000000 3542
40ABCE0000000000 3559
40ABEC0000000000 3574
40AC040000000000 3586
40AC1A0000000000 3597
40AC200000000000 3600
40AC380000000000 3612
40AC480000000000 3620
40AC580000000000 3628
40AC660000000000 3635
40AC680000000000 3636
40AC780000000000 3644
40AC840000000000 3650
40AC8E0000000000 3655
40AC980000000000 3660
40ACA40000000000 3666
40ACA60000000000 3667
40ACB20000000000 3673
40ACC20000000000 3681
40ACCE0000000000 3687
40ACE00000000000 3696
40AD8A0000000000 3781
40AD8C0000000000 3782
40AD8E0000000000 3783
40AD900000000000 3784
40AD920000000000 3785
40AD940000000000 3786
40AD9A0000000000 3789
40AD9C0000000000 3790
40AD9E0000000000 3791
40ADA00000000000 3792
40ADA20000000000 3793
40ADA40000000000 3794
40ADA60000000000 3795
40ADA80000000000 3796
40ADAA0000000000 3797
40ADB20000000000 3801
40ADC20000000000 3809
40AE3C0000000000 3870
40AE3E0000000000 3871
40AE400000000000 3872
40AE440000000000 3874
40AE460000000000 3875
40AE780000000000 3900
40AE800000000000 3904
40AECC0000000000 3942
40AF240000000000 3986
40AF400000000000 4000
40AF400000000000 4000.0000
40AF400000000000 4E3
40AF420000000000 4001
40AF520000000000 4009
40AF700000000000 4024
40AF920000000000 4041
40AFFE0000000000 4095
40B0000000000000 4096
40B0010000000000 4097
40B0040000000000 4100
40B01F0000000000 4127
40B0510000000000 4177
40B0530000000000 4179
40B0940000000000 4244
40B0CC0000000000 4300
40B0E40000000000 4324
40B0EA0000000000 4330
40B0FA0000000000 4346
40B1300000000000 4400
40B1390000000000 4409
40B1C60000000000 4550
40B1D70000000000 4567
40B2630000000000 4707
40B27C0000000000 4732
40B2B30000000000 4787
40B2C90000000000 4809
40B2F20000000000 4850
40B3110000000000 4881
40B3880000000000 5000
40B3880000000000 5E3
40B38C0000000000 5004
40B38D0000000000 5005
40B3940000000000 5012
40B3960000000000 5014
40B3970000000000 5015
40B3B00000000000 5040
40B3F60000000000 5110
40B4370000000000 5175
40B4380000000000 5176
40B4390000000000 5177
40B43C0000000000 5180
40B4500000000000 5200
40B4E00000000000 5344
40B5040000000000 5380
40B5B00000000000 5552
40B5E10000000000 5601
40B6210000000000 5665
40B62E0000000000 5678
40B6560000000000 5718
40B70C0000000000 5900
40B7150000000000 5909
40B7280000000000 5928
40B7290000000000 5929
40B7700000000000 6000
40B7700000000000 6E3
40B7E30000000000 6115
40B7EA0000000000 6122
40B8000000000000 6144
40B8010000000000 6145
40B80E0000000000 6158
40B8670000000000 6247
40B8A60000000000 6310
40B9790000000000 6521
40B9880000000000 6536
40B9A00000000000 6560
40B9FB0000000000 6651
40BA190000000000 6681
40BA1A0000000000 6682
40BA380000000000 6712
40BA850000000000 6789
40BA9B0000000000 6811
40BA9C0000000000 6812
40BB580000000000 7000
40BB580000000000 7E3
40BB6F0000000000 7023
40BB800000000000 7040
40BB930000000000 7059
40BBC00000000000 7104
40BBC50000000000 7109
40BC1C0000000000 7196
40BC200000000000 7200
40BC7A0000000000 7290
40BC840000000000 7300
40BCA60000000000 7334
40BCD80000000000 7384
40BCFE0000000000 7422
40BD290000000000 7465
40BD2F0000000000 7471
40BD4D0000000000 7501
40BF230000000000 7971
40BF400000000000 8000
40BF400000000000 8E3
40BF410000000000 8001
40BF420000000000 8002
40BF430000000000 8003
40BF480000000000 8008
40BF730000000000 8051
40BF770000000000 8055
40BFA00000000000 8096
40BFFE0000000000 8190
40C0000000000000 8192
40C0008000000000 8193
40C0060000000000 8204
40C0080000000000 8208
40C0360000000000 8300
40C0988000000000 8497
40C09A0000000000 8500
40C09A0000000000 850e1
40C0D60000000000 8620
40C0EC0000000000 8664
40C1080000000000 8720
40C1218000000000 8771
40C1258000000000 8779
40C14D8000000000 8859
40C1768000000000 8941
40C1930000000000 8998
40C1940000000000 9000
40C1940000000000 9E3
40C1940000000000 9e3
40C1B38000000000 9063
40C1C08000000000 9089
40C24D8000000000 9371
40C2678000000000 9423
40C2918000000000 9507
40C3558000000000 9899
40C3880000000000 10000
40C3880000000000 10000.0
40C3880000000000 1E04
40C3880000000000 1E4
40C3888000000000 10001
40C3908000000000 10017
40C3910000000000 10018
40C3918000000000 10019
40C3920000000000 10020
40C3928000000000 10021
40C3930000000000 10022
40C3938000000000 10023
40C3940000000000 10024
40C3948000000000 10025
40C3950000000000 10026
40C3958000000000 10027
40C3960000000000 10028
40C3968000000000 10029
40C3970000000000 10030
40C3978000000000 10031
40C3980000000000 10032
40C3988000000000 10033
40C3990000000000 10034
40C3998000000000 10035
40C39A0000000000 10036
40C39A8000000000 10037
40C39B0000000000 10038
40C39B8000000000 10039
40C39C0000000000 10040
40C39C8000000000 10041
40C39D0000000000 10042
40C39D8000000000 10043
40C39E0000000000 10044
40C39E8000000000 10045
40C39F0000000000 10046
40C39F8000000000 10047
40C3A00000000000 10048
40C3A08000000000 10049
40C3A10000000000 10050
40C3A18000000000 10051
40C3A20000000000 10052
40C3A28000000000 10053
40C3A30000000000 10054
40C3A38000000000 10055
40C3A40000000000 10056
40C3A48000000000 10057
40C3A50000000000 10058
40C3A58000000000 10059
40C3A60000000000 10060
40C3A68000000000 10061
40C3A70000000000 10062
40C3A78000000000 10063
40C3A80000000000 10064
40C3A88000000000 10065
40C3A90000000000 10066
40C3A98000000000 10067
40C3AA0000000000 10068
40C3AA8000000000 10069
40C3AB0000000000 10070
40C3AB8000000000 10071
40C3AC0000000000 10072
40C3AC8000000000 10073
40C3AD0000000000 10074
40C3AD8000000000 10075
40C3AE0000000000 10076
40C3AE8000000000 10077
40C3AF0000000000 10078
40C3AF8000000000 10079
40C3B00000000000 10080
40C3B08000000000 10081
40C3B10000000000 10082
40C3B18000000000 10083
40C3B20000000000 10084
40C3B28000000000 10085
40C3B30000000000 10086
40C3B38000000000 10087
40C3B40000000000 10088
40C3B48000000000 10089
40C3B50000000000 10090
40C3B58000000000 10091
40C3B60000000000 10092
40C3B68000000000 10093
40C3B70000000000 10094
40C3B78000000000 10095
40C3B80000000000 10096
40C3B88000000000 10097
40C3B90000000000 10098
40C3B98000000000 10099
40C3BA0000000000 10100
40C3BA8000000000 10101
40C3BB0000000000 10102
40C3BB8000000000 10103
40C3BC0000000000 10104
40C3BC8000000000 10105
40C3BD0000000000 10106
40C3BD8000000000 10107
40C3BE0000000000 10108
40C3BE8000000000 10109
40C3BF0000000000 10110
40C3CE0000000000 10140
40C3D08000000000 10145
40C3D10000000000 10146
40C3D18000000000 10147
40C3D20000000000 10148
40C3E70000000000 10190
40C3E80000000000 10192
40C3E88000000000 10193
40C3E90000000000 10194
40C3E98000000000 10195
40C3EA0000000000 10196
40C3EC0000000000 10200
40C3F08000000000 10209
40C4140000000000 10280
40C41E0000000000 10300
40C42D0000000000 10330
40C4460000000000 10380
40C4500000000000 10400
40C4690000000000 10450
40C4780000000000 10480
40C4CB0000000000 10646
40C5180000000000 10800
40C5278000000000 10831
40C5280000000000 10832
40C52F0000000000 10846
40C54A0000000000 10900
40C5540000000000 10920
40C6BD8000000000 11643
40C6D58000000000 11691
40C70C0000000000 11800
40C7280000000000 11856
40C7488000000000 11921
40C7700000000000 12000
40C7A58000000000 12107
40C7DA0000000000 12212
40C7DA8000000000 12213
40C7F30000000000 12262
40C7F38000000000 12263
40C8000000000000 12288
40C8008000000000 12289
40C81C8000000000 12345
40C81D0000000000 12346
40C8380000000000 12400
40C9990000000000 13106
40C9998000000000 13107
40CAB78000000000 13679
40CB368000000000 13933
40CB748000000000 14057
40CCA60000000000 14668
40CD680000000000 15056
40CDF18000000000 15331
40CE608000000000 15553
40CF0A8000000000 15893
40CF1A0000000000 15924
40CF510000000000 16034
40CF9A8000000000 16181
40D0000000000000 16384
40D0004000000000 16385
40D0110000000000 16452
40D02AC000000000 16555
40D0338000000000 16590
40D03DC000000000 16631
40D0470000000000 16668
40D0474000000000 16669
40D04B4000000000 16685
40D05DC000000000 16759
40D0600000000000 16768
40D0848000000000 16914
40D0D30000000000 17228
40D16CC000000000 17843
40D1750000000000 17876
40D1DF4000000000 18301
40D2194000000000 18533
40D21BC000000000 18543
40D21DC000000000 18551
40D25BC000000000 18799
40D26AC000000000 18859
40D26CC000000000 18867
40D2CF0000000000 19260
40D2CF4000000000 19261
40D2F68000000000 19418
40D3140000000000 19536
40D31B4000000000 19565
40D33A4000000000 19689
40D364C000000000 19859
40D3718000000000 19910
40D3820000000000 19976
40D3880000000000 20000
40D3880000000000 2E4
40D4338000000000 20686
40D4494000000000 20773
40D44B8000000000 20782
40D47B4000000000 20973
40D4820000000000 21E3
40D4920000000000 21064
40D4928000000000 21066
40D4930000000000 21068
40D4984000000000 21089
40D4AB0000000000 21164
40D4B18000000000 21190
40D4B34000000000 21197
40D4C08000000000 21250
40D4C40000000000 21264
40D4DD0000000000 21364
40D4F70000000000 21468
40D4FB4000000000 21485
40D53D8000000000 21750
40D5488000000000 21794
40D5798000000000 21990
40D58E4000000000 22073
40D5D50000000000 22356
40D5D78000000000 22366
40D5EA0000000000 22440
40D6034000000000 22541
40D6184000000000 22625
40D624C000000000 22675
40D62FC000000000 22719
40D65F4000000000 22909
40D699C000000000 23143
40D6A90000000000 23204
40D6BB4000000000 23277
40D6BC0000000000 23280
40D6C38000000000 23310
40D6F24000000000 23497
40D7010000000000 23556
40D7138000000000 23630
40D7180000000000 23648
40D720C000000000 23683
40D72C4000000000 23729
40D7348000000000 23762
40D73A8000000000 23786
40D7610000000000 23940
40D7694000000000 23973
40D76EC000000000 23995
40D7700000000000 24000
40D7700000000000 24E3
40D78DC000000000 24119
40D7958000000000 24150
40D79CC000000000 24179
40D7AC4000000000 24241
40D7BA4000000000 24297
40D7BCC000000000 24307
40D7DB8000000000 24430
40D7E50000000000 24468
40D7E94000000000 24485
40D8004000000000 24577
40D83CC000000000 24819
40D85E4000000000 24953
40D86A0000000000 25E3
40D86C8000000000 25010
40D8890000000000 25124
40D88B4000000000 25133
40D88FC000000000 25151
40D8C0C000000000 25347
40D8C2C000000000 25355
40D8CC0000000000 25392
40D8E20000000000 25480
40D8E5C000000000 25495
40D8FD0000000000 25588
40D8FF4000000000 25597
40D9114000000000 25669
40D9258000000000 25750
40D92D4000000000 25781
40D9358000000000 25814
40D950C000000000 25923
40D9FA0000000000 26600
40DA214000000000 26757
40DA384000000000 26849
40DA3CC000000000 26867
40DA500000000000 26944
40DA648000000000 27026
40DAA78000000000 27294
40DAB90000000000 27364
40DABE8000000000 27386
40DACC4000000000 27441
40DACC8000000000 27442
40DB000000000000 27648
40DB178000000000 27742
40DB28C000000000 27811
40DB444000000000 27921
40DB448000000000 27922
40DB54C000000000 27987
40DB550000000000 27988
40DB57C000000000 27999
40DB580000000000 28000
40DB5D4000000000 28021
40DB610000000000 28036
40DB6E8000000000 28090
40DB908000000000 28226
40DB924000000000 28233
40DB9FC000000000 28287
40DBA80000000000 28320
40DBBAC000000000 28395
40DBCF8000000000 28478
40DBD00000000000 28480
40DBDA4000000000 28521
40DC018000000000 28678
40DC3A4000000000 28905
40DC840000000000 29200
40DCA5C000000000 29335
40DCB70000000000 29404
40DCC10000000000 29444
40DD258000000000 29846
40DD4C0000000000 30000
40DD4C0000000000 30E3
40DD4C0000000000 3E4
40DD4C0000000000 3e4
40DD4D0000000000 30004
40DD538000000000 30030
40DD590000000000 30052
40DD594000000000 30053
40DD5AC000000000 30059
40DD608000000000 30082
40DD668000000000 30106
40DD670000000000 30108
40DD6DC000000000 30135
40DD704000000000 30145
40DD760000000000 30168
40DD830000000000 30220
40DD86C000000000 30235
40DD870000000000 30236
40DD89C000000000 30247
40DD8A0000000000 30248
40DD8A4000000000 30249
40DD8B8000000000 30254
40DD8D4000000000 30261
40DD8D8000000000 30262
40DD8DC000000000 30263
40DD988000000000 30306
40DDA64000000000 30361
40DDA94000000000 30373
40DDED0000000000 30644
40DDEE0000000000 30648
40DDF00000000000 30656
40DDF04000000000 30657
40DDF08000000000 30658
40DDFF4000000000 30717
40DDFFC000000000 30719
40DE110000000000 30788
40DE138000000000 30798
40DE3FC000000000 30975
40DE500000000000 31040
40DE518000000000 31046
40DE5C0000000000 31088
40DE854000000000 31253
40DE8AC000000000 31275
40DE938000000000 31310
40DECE4000000000 31545
40DEE2C000000000 31627
40DEE74000000000 31645
40DF2CC000000000 31923
40DF400000000000 32000
40DF5C8000000000 32114
40DFE7C000000000 32671
40DFFFC000000000 32767
40E0000000000000 32768
40E010C000000000 32902
40E022E000000000 33047
40E03BC000000000 33246
40E06FE000000000 33663
40E0756000000000 33707
40E0830000000000 33816
40E08D8000000000 33900
40E096E000000000 33975
40E0990000000000 33992
40E09C4000000000 34018
40E09CC000000000 34022
40E0B1A000000000 34189
40E0EEC000000000 34678
40E0F50000000000 34728
40E1000000000000 34816
40E10A0000000000 34896
40E12D0000000000 35176
40E13AC000000000 35286
40E1514000000000 35466
40E161A000000000 35597
40E161C000000000 35598
40E161E000000000 35599
40E1620000000000 35600
40E1622000000000 35601
40E1624000000000 35602
40E1626000000000 35603
40E1628000000000 35604
40E162C000000000 35606
40E162E000000000 35607
40E1630000000000 35608
40E1670000000000 35640
40E1672000000000 35641
40E1676000000000 35643
40E1678000000000 35644
40E167C000000000 35646
40E1690000000000 35656
40E1692000000000 35657
40E1694000000000 35658
40E1696000000000 35659
40E1698000000000 35660
40E16D2000000000 35689
40E17F2000000000 35833
40E180E000000000 35847
40E19F6000000000 36091
40E1A4E000000000 36135
40E1C1E000000000 36367
40E1C44000000000 36386
40E1E34000000000 36634
40E1EC2000000000 36705
40E1FBA000000000 36829
40E1FC0000000000 36832
40E1FC2000000000 36833
40E2110000000000 37000
40E2132000000000 37017
40E2274000000000 37178
40E23CC000000000 37350
40E2588000000000 37572
40E278E000000000 37831
40E27C0000000000 37856
40E2822000000000 37905
40E2824000000000 37906
40E2826000000000 37907
40E2860000000000 37936
40E2A2E000000000 38167
40E2A86000000000 38211
40E2A9A000000000 38221
40E2AA6000000000 38227
40E2AB6000000000 38235
40E2D14000000000 38538
40E2D7A000000000 38589
40E2D9E000000000 38607
40E306E000000000 38967
40E3070000000000 38968
40E3074000000000 38970
40E31F0000000000 39160
40E32C4000000000 39266
40E32CA000000000 39269
40E32FE000000000 39295
40E3628000000000 39700
40E362C000000000 39702
40E36F8000000000 39804
40E3880000000000 40000
40E3880000000000 4E4
40E3934000000000 40090
40E3C06000000000 40451
40E3E52000000000 40745
40E3EEA000000000 40821
40E401E000000000 40975
40E404A000000000 40997
40E4164000000000 41138
40E418C000000000 41158
40E42BA000000000 41309
40E42BC000000000 41310
40E42D0000000000 41320
40E42EC000000000 41334
40E4326000000000 41363
40E43F2000000000 41465
40E4446000000000 41507
40E44EC000000000 41590
40E4568000000000 41652
40E45B8000000000 41692
40E45BA000000000 41693
40E45BC000000000 41694
40E45C0000000000 41696
40E45C2000000000 41697
40E471A000000000 41869
40E47B4000000000 41946
40E4948000000000 42148
40E4AFC000000000 42366
40E4CD4000000000 42602
40E4E48000000000 42788
40E5032000000000 43033
40E5122000000000 43153
40E520E000000000 43271
40E52B8000000000 43356
40E5300000000000 43392
40E541E000000000 43535
40E5424000000000 43538
40E5426000000000 43539
40E5428000000000 43540
40E5436000000000 43547
40E5438000000000 43548
40E5488000000000 43588
40E548A000000000 43589
40E548C000000000 43590
40E548E000000000 43591
40E549A000000000 43597
40E550E000000000 43655
40E5510000000000 43656
40E5514000000000 43658
40E5516000000000 43659
40E5518000000000 43660
40E551A000000000 43661
40E5530000000000 43672
40E5538000000000 43676
40E553E000000000 43679
40E5540000000000 43680
40E5544000000000 43682
40E5592000000000 43721
40E55B2000000000 43737
40E55FC000000000 43774
40E5790000000000 43976
40E57EC000000000 44022
40E5930000000000 44184
40E59A2000000000 44241
40E59CA000000000 44261
40E59F8000000000 44284
40E5AF8000000000 44412
40E5CAA000000000 44629
40E6052000000000 45097
40E6198000000000 45260
40E621C000000000 45326
40E6232000000000 45337
40E6280000000000 45376
40E63A0000000000 45520
40E6438000000000 45596
40E64BA000000000 45661
40E64DC000000000 45678
40E64E2000000000 45681
40E6584000000000 45762
40E6608000000000 45828
40E668A000000000 45893
40E66BE000000000 45919
40E66C0000000000 45920
40E66C4000000000 45922
40E66C6000000000 45923
40E66E2000000000 45937
40E66E4000000000 45938
40E6706000000000 45955
40E6712000000000 45961
40E6718000000000 45964
40E671A000000000 45965
40E671C000000000 45966
40E6740000000000 45984
40E6742000000000 45985
40E6744000000000 45986
40E6746000000000 45987
40E674A000000000 45989
40E675E000000000 45999
40E6786000000000 46019
40E6798000000000 46028
40E679A000000000 46029
40E67FC000000000 46078
40E6836000000000 46107
40E683A000000000 46109
40E684C000000000 46118
40E6864000000000 46130
40E688A000000000 46149
40E688C000000000 46150
40E689E000000000 46159
40E68A4000000000 46162
40E68AC000000000 46166
40E68AE000000000 46167
40E68D8000000000 46188
40E68E6000000000 46195
40E68F4000000000 46202
40E6900000000000 46208
40E6906000000000 46211
40E690A000000000 46213
40E6912000000000 46217
40E6918000000000 46220
40E691A000000000 46221
40E691C000000000 46222
40E691E000000000 46223
40E692A000000000 46229
40E6932000000000 46233
40E6954000000000 46250
40E695E000000000 46255
40E6962000000000 46257
40E6974000000000 46266
40E697A000000000 46269
40E6980000000000 46272
40E69BC000000000 46302
40E6A10000000000 46344
40E6A12000000000 46345
40E6A14000000000 46346
40E6A48000000000 46372
40E6A56000000000 46379
40E6A90000000000 46408
40E6ACE000000000 46439
40E6B20000000000 46480
40E6BD8000000000 46572
40E6C42000000000 46625
40E6C56000000000 46635
40E6CC8000000000 46692
40E6D18000000000 46732
40E6D30000000000 46744
40E6E2E000000000 46871
40E6FB0000000000 47064
40E6FC0000000000 47072
40E6FD4000000000 47082
40E7014000000000 47114
40E706A000000000 47157
40E719C000000000 47310
40E728E000000000 47431
40E72E0000000000 47472
40E7318000000000 47500
40E7334000000000 47514
40E739E000000000 47567
40E74B8000000000 47708
40E74DC000000000 47726
40E75D0000000000 47848
40E7626000000000 47891
40E7628000000000 47892
40E76A6000000000 47955
40E77F4000000000 48122
40E77FC000000000 48126
40E784C000000000 48166
40E7980000000000 48320
40E7A42000000000 48417
40E7CB8000000000 48732
40E7CD8000000000 48748
40E7E0A000000000 48901
40E7E84000000000 48962
40E7EA8000000000 48980
40E7EB0000000000 48984
40E7EB2000000000 48985
40E86A0000000000 50000
40E86A0000000000 5E4
40E8FE8000000000 51188
40E9646000000000 52003
40E9CDA000000000 52845
40EAA20000000000 54544
40EB20C000000000 55558
40EB2E2000000000 55665
40EB57A000000000 55997
40EBF16000000000 57227
40EC04A000000000 57381
40EC058000000000 57388
40EC060000000000 57392
40EC062000000000 57393
40EC064000000000 57394
40EC066000000000 57395
40EC068000000000 57396
40EC06A000000000 57397
40EC06C000000000 57398
40EC06E000000000 57399
40EC070000000000 57400
40EC072000000000 57401
40EC076000000000 57403
40EC07E000000000 57407
40EC082000000000 57409
40EC084000000000 57410
40EC086000000000 57411
40EC088000000000 57412
40EC08A000000000 57413
40EC08C000000000 57414
40EC08E000000000 57415
40EC090000000000 57416
40EC092000000000 57417
40EC094000000000 57418
40EC096000000000 57419
40EC098000000000 57420
40EC09A000000000 57421
40EC09C000000000 57422
40EC09E000000000 57423
40EC0A0000000000 57424
40EC0A2000000000 57425
40EC0A4000000000 57426
40EC0A6000000000 57427
40EC0A8000000000 57428
40EC0AA000000000 57429
40EC0AC000000000 57430
40EC0AE000000000 57431
40EC0B0000000000 57432
40EC0B2000000000 57433
40EC0B4000000000 57434
40EC0C0000000000 57440
40EC0C2000000000 57441
40EC0C4000000000 57442
40EC0C6000000000 57443
40EC0C8000000000 57444
40EC0CA000000000 57445
40EC0CC000000000 57446
40EC0D0000000000 57448
40EC0D2000000000 57449
40EC0D4000000000 57450
40EC0D6000000000 57451
40EC0D8000000000 57452
40EC0DA000000000 57453
40EC0DC000000000 57454
40EC0DE000000000 57455
40EC0E0000000000 57456
40EC0E2000000000 57457
40EC0E4000000000 57458
40EC0FC000000000 57470
40EC142000000000 57505
40EC144000000000 57506
40EC146000000000 57507
40EC148000000000 57508
40EC14A000000000 57509
40EC14E000000000 57511
40EC150000000000 57512
40EC152000000000 57513
40EC154000000000 57514
40EC15E000000000 57519
40EC17C000000000 57534
40EC248000000000 57636
40EC25A000000000 57645
40EC274000000000 57658
40EC280000000000 57664
40EC282000000000 57665
40EC284000000000 57666
40EC286000000000 57667
40EC288000000000 57668
40EC28A000000000 57669
40EC28C000000000 57670
40EC28E000000000 57671
40EC290000000000 57672
40EC292000000000 57673
40EC294000000000 57674
40EC296000000000 57675
40EC298000000000 57676
40EC29A000000000 57677
40EC29C000000000 57678
40EC29E000000000 57679
40EC2A0000000000 57680
40EC2A2000000000 57681
40EC2A4000000000 57682
40EC2A6000000000 57683
40EC2A8000000000 57684
40EC2AA000000000 57685
40EC2AC000000000 57686
40EC2AE000000000 57687
40EC2B0000000000 57688
40EC2B2000000000 57689
40EC2B4000000000 57690
40EC2BC000000000 57694
40EC2BE000000000 57695
40EC2C8000000000 57700
40EC2D2000000000 57705
40EC2E8000000000 57716
40EC2EA000000000 57717
40EC2EC000000000 57718
40EC2F6000000000 57723
40EC382000000000 57793
40EC384000000000 57794
40EC386000000000 57795
40EC388000000000 57796
40EC38A000000000 57797
40EC38C000000000 57798
40EC38E000000000 57799
40EC390000000000 57800
40EC392000000000 57801
40EC394000000000 57802
40EC396000000000 57803
40EC398000000000 57804
40EC39C000000000 57806
40EC39E000000000 57807
40EC3DE000000000 57839
40EC3E2000000000 57841
40EC3E4000000000 57842
40EC492000000000 57929
40EC520000000000 58E3
40ECA54000000000 58666
40ED318000000000 59788
40ED4C0000000000 60000
40ED4C0000000000 6E4
40EDE80000000000 61248
40EDED2000000000 61289
40EDF50000000000 61352
40EE10A000000000 61573
40EE10C000000000 61574
40EE10E000000000 61575
40EE1C0000000000 61664
40EEADE000000000 62831
40EED7E000000000 63167
40EEF54000000000 63402
40EFB52000000000 64937
40EFBCE000000000 64999
40EFBD0000000000 65000
40EFCC6000000000 65123
40EFFE0000000000 65520
40EFFE2000000000 65521
40EFFFE000000000 65535
40F0000000000000 65536
40F0000000000000 65536.0
40F0002000000000 65538
40F09A0000000000 68000
40F09AA000000000 68010
40F09B4000000000 68020
40F09BE000000000 68030
40F09C8000000000 68040
40F0B08000000000 68360
40F0DAA000000000 69034
40F1170000000000 70000
40F1170000000000 7E4
40F15E7000000000 71143
40F1940000000000 72000
40F1A4E000000000 72270
40F2633000000000 75315
40F2784000000000 75652
40F3880000000000 80000
40F3A66000000000 80486
40F3CF7000000000 81143
40F4C08000000000 850e2
40F4F55000000000 85845
40F5824000000000 88100
40F582E000000000 88110
40F5F90000000000 90000
40F6925000000000 92453
40F698B000000000 92555
40F6B35000000000 92981
40F7A63000000000 96867
40F86A0000000000 100000
40F86A0000000000 1E05
40F86A0000000000 1E5
40F8924000000000 100644
40F8DB4000000000 101812
40F9000000000000 102400
40FA0E1000000000 106721
40FADB0000000000 110000
40FCA38000000000 117304
40FD0D6000000000 118998
40FDDB3D70A3D70A 122291.84
40FE2AF000000000 123567
40FFB66000000000 129894
40FFD85000000000 130437
40FFFFF000000000 131071
40FFFFFFD70A3D71 131071.99
4100000000000000 131072
4100FDF800000000 139199
41038A4800000000 160073
4107318000000000 190000
4108000000000000 196608
410866E800000000 199901
41086A0000000000 200000
41086A0000000000 2E5
41088C7800000000 201103
4109A28000000000 210000
4109A28000000000 21E4
410ADB0000000000 220000
410C138000000000 230000
410C9C5800000000 234379
410D4C0000000000 240000
410D4C0000000000 24E4
410D4F2800000000 240101
410D8CB000000000 242070
410E848000000000 250000
410E848000000000 25E4
410FBD0000000000 260000
4110000000000000 262144
41107AC000000000 270000
4111170000000000 280000
4111980000000000 288256
4111999400000000 288357
41124F8000000000 30E4
41124F8000000000 3E5
4112A00800000000 305154
4113110C00000000 312387
411402B000000000 327852
4115F90000000000 360000
4115FB8C00000000 360163
4116954000000000 370000
411713E000000000 378104
4117318000000000 380000
4117CDC000000000 390000
4118059800000000 393574
41186A0000000000 400000
41186A0000000000 4E5
4119064000000000 410000
4119A28000000000 420000
411A3EC000000000 430000
411ADB0000000000 440000
411AF49800000000 441638
411B774000000000 450000
411C138000000000 460000
411C800400000000 466945
411CA7F400000000 469501
411CAFC000000000 470000
411D4C0000000000 480000
411DE84000000000 490000
411E848000000000 500000
411E848000000000 5E5
411F20C000000000 510000
411F58B800000000 513582
411FBD0000000000 520000
41202CA000000000 530000
41207AC000000000 540000
41207C7200000000 540217
41224F8000000000 6E5
412273B200000000 604633
4122B89000000000 613448
4124B3FA00000000 678397
4124BC1C00000000 679438
4124F4EA00000000 686709
412523B400000000 692698
41254DE400000000 698098
41255CC000000000 7E5
4125F10000000000 718976
41286A0000000000 8E5
4128BACE00000000 810343
412A8CE000000000 87e4
412B774000000000 9E5
412B800400000000 901122
412C128E00000000 919879
412D705E00000000 964655
412E207200000000 987193
412E848000000000 1000000
412E848000000000 1E06
412E848000000000 1E6
412EA63600000000 1004315
4130C8E000000000 11E5
4131C68D00000000 1164941
4131C89F00000000 1165471
41328C0900000000 1215497
4133621000000000 1270288
4133696D00000000 1272173
41336DC300000000 1273283
4133C40600000000 1295366
41353D8100000000 1392001
413A90A700000000 1740967
413BD1FF00000000 1823231
413E848000000000 2000000
413E848000000000 2E6
413E848000000000 2e6
413E848900000000 2000009
4140059000000000 21E5
41424F8000000000 24E5
4142A07680000000 2441453
414312D000000000 25E5
4144DD8980000000 2734867
4146E36000000000 30E5
4146E36000000000 3E6
4146FF5500000000 3014314
414E848000000000 4E6
414F4C4580000000 4102283
414F7E0B00000000 4127766
41505FA500000000 4292244
415312D000000000 5E6
4156E36000000000 6E6
4157793040000000 6153409
415AB3F000000000 7E6
415E848000000000 8E6
415FADF940000000 8304613
41612A8800000000 9E6
4161717320000000 9145241
41619AE420000000 9230113
4162E1FC00000000 99e5
416312D000000000 10000000
416312D000000000 1E07
416312D000000000 1E7
4163B1BC80000000 10325476
416A685560000000 13845163
417312D000000000 20000000
417312D000000000 2E7
41731C9460000000 20040006
41731CA1C0000000 20040220
41731CA250000000 20040229
41731CAD10000000 20040401
41731CD460000000 20041030
41731F1FE0000000 20050430
4173218A30000000 20060323
4173304280000000 20120616
417406F400000000 21E6
4176E36000000000 24E6
4177D78400000000 25E6
417945BA00000000 265e5
41796CCA00000000 26660000
41796E6AA0000000 26666666
417C9C3800000000 30E6
417C9C3800000000 3E7
418312D000000000 40000000
418312D000000000 4E7
41844834A8000000 42534549
4187D78400000000 50000000
4187D78400000000 5E7
4188104E70000000 50465230
418C9C3800000000 6E7
418EE0D4B0000000 64756374
418F400000000000 65536000.0
419014F634000000 67452301
4190B07600000000 7E7
4190B1B040000000 70020112
41923FD3A8000000 76543210
419312D000000000 80000000
419312D000000000 8E7
4195752A00000000 9E7
4195816F5C000000 90201047
4195EF3C00000000 92e6
4197D78400000000 100000000
4197D78400000000 1E08
4197D78400000000 1E8
419D6F3454000000 123456789
41A7D78400000000 2E8
41A908B100000000 21E7
41AC9C3800000000 24E7
41B1E1A300000000 30E7
41B1E1A300000000 3E8
41B7D78400000000 4E8
41BDCD6500000000 5E8
41C1E1A300000000 6E8
41C4DC9380000000 7E8
41C7D78400000000 8E8
41CAD27480000000 9E8
41CAD27480000000 9e8
41CDCD6500000000 1000000000
41CDCD6500000000 1E09
41CDCD6500000000 1E9
41D4000000000000 1342177280
41DDCD6500000000 2E9
41DF4ADD40000000 21E8
41DFFFFFFB400000 2147483629
41DFFFFFFFC00000 2147483647
41E1E1A300000000 24E8
41E65A0BC0000000 30E8
41E65A0BC0000000 3E9
41EDCD6500000000 4E9
41F2A05F20000000 5E9
41F65A0BC0000000 6E9
41FA13B860000000 7E9
41FDCD6500000000 8E9
420007C460200000 8606223364
4200C388D0000000 9E9
4202A05F20000000 1E10
42138ECA48000000 21E9
42165A0BC0000000 24E9
421BF08EB0000000 30E9
42374876E8000000 1E11
426D1A94A2000000 1E12
42A2309CE5400000 1E13
42D6BCC41E900000 1E14
430C6BF526340000 1E15
4341C37937E08000 1E16
4376345785D8A000 1E17
43ABC16D674EC800 1E18
43E0000000000000 9223372036854775807
43E158E460913D00 1E19
4415AF1D78B58C40 1E20
444B1AE4D6E2EF50 1E21
4480F0CF064DD592 1E22
44B52D02C7E14AF6 1E23
44EA784379D99DB4 1E24
45208B2A2C280291 1E25
4554ADF4B7320335 1E26
4589D971E4FE8402 1E27
45C027E72F1F1281 1E28
45F431E0FAE6D721 1E29
46293E5939A08CEA 1E30
465F8DEF8808B024 1E31
4693B8B5B5056E17 1E32
46C8A6E32246C99C 1E33
46FED09BEAD87C03 1E34
4733426172C74D82 1E35
476812F9CF7920E3 1E36
479E17B84357691B 1E37
47D2CED32A16A1B1 1E38
48078287F49C4A1D 1E39
483D6329F1C35CA5 1E40
48725DFA371A19E7 1E41
48A6F578C4E0A061 1E42
48DCB2D6F618C879 1E43
4911EFC659CF7D4C 1E44
49466BB7F0435C9E 1E45
497C06A5EC5433C6 1E46
49B18427B3B4A05C 1E47
49E5E531A0A1C873 1E48
4A18A1D7D4B60181 9E48
4A1B5E7E08CA3A8F 1E49
4A511B0EC57E649A 1E50
4A8561D276DDFDC0 1E51
4ABABA4714957D30 1E52
4AF0B46C6CDD6E3E 1E53
4B24E1878814C9CE 1E54
4B5A19E96A19FC41 1E55
4B905031E2503DA9 1E56
4BC4643E5AE44D13 1E57
4BF97D4DF19D6057 1E58
4C2FDCA16E04B86D 1E59
4C63E9E4E4C2F344 1E60
4C98E45E1DF3B015 1E61
4CCF1D75A5709C1B 1E62
4D03726987666191 1E63
4D384F03E93FF9F5 1E64
4D6E62C4E38FF872 1E65
4DA2FDBB0E39FB47 1E66
4DD7BD29D1C87A19 1E67
4E0DAC74463A989F 1E68
4E428BC8ABE49F64 1E69
4E772EBAD6DDC73D 1E70
4EACFA698C95390C 1E71
4EE21C81F7DD43A7 1E72
4F16A3A275D49491 1E73
4F4C4C8B1349B9B5 1E74
4F81AFD6EC0E1411 1E75
4FB61BCCA7119916 1E76
4FEBA2BFD0D5FF5B 1E77
502145B7E285BF99 1E78
5049E893D3C89F65 6E78
50559725DB272F7F 1E79
508AFCEF51F0FB5F 1E80
509AFCEF51F0FB5F 2E80
50C0DE1593369D1B 1E81
50F5159AF8044462 1E82
512A5B01B605557B 1E83
516078E111C3556D 1E84
5194971956342AC8 1E85
51C36608BBFFAD0A 7537e82
51C9BCDFABC1357A 1E86
5200160BCB58C16C 1E87
52341B8EBE2EF1C7 1E88
526922726DBAAE39 1E89
529F6B0F092959C7 1E90
52D3A2E965B9D81D 1E91
53088BA3BF284E24 1E92
533EAE8CAEF261AD 1E93
536AD8BB19141577 7e93
53732D17ED577D0C 1E94
53A7F85DE8AD5C4F 1E95
53B7BB00CF4F778C 198E93
53DDF67562D8B363 1E96
5412BA095DC7701E 1E97
5447688BB5394C25 1E98
547D42AEA2879F2E 1E99
7FF0000000000000 1e681
7FF0000000000000 4e0811
7FF0000000000000 61e2562
7FF0000000000000 7E312
7FF0000000000000 85E47664
